# seed: -947599364
29
81 37
15 13 75
60 6 17 97
33 95 57 47 60
52 16 76 90 80 52
33 19 91 59 64 38 80
5 38 31 63 29 91 96 85
99 54 43 33 33 5 17 5 98
27 16 22 48 52 46 65 66 42 89
67 78 86 99 84 54 43 31 45 46 11
43 35 6 2 61 0 49 62 37 97 68 29
73 74 95 50 12 70 42 31 52 54 69 87 31
90 22 40 78 90 95 7 37 56 13 89 59 96 42
27 85 20 52 50 62 58 11 46 31 55 85 88 66 75
58 93 85 71 86 10 39 27 15 27 18 18 60 49 37 27
36 33 98 18 2 10 69 60 61 34 59 3 71 41 13 90 74
7 61 30 74 65 27 27 4 66 19 58 1 84 79 19 28 98 55
82 37 73 40 55 89 89 89 32 47 1 66 67 74 98 80 81 1 57
71 42 61 52 2 47 89 80 76 99 72 97 16 53 97 59 96 78 51 36
84 95 81 42 41 3 92 4 53 65 28 29 32 32 73 10 45 62 3 26 93
3 29 60 6 19 51 31 77 68 68 33 36 59 2 39 50 76 81 45 76 53 7
71 25 49 74 63 0 43 49 54 2 99 68 35 39 19 83 91 42 2 22 95 57 62
18 75 12 8 98 88 97 38 80 82 57 73 31 28 85 2 23 60 27 95 75 94 21 38
20 93 53 77 58 79 76 53 48 79 56 70 81 85 17 60 26 69 11 53 0 8 74 58 42
56 64 31 76 38 68 64 35 15 60 82 1 73 16 75 37 72 82 86 84 21 59 67 51 21 48
43 69 27 62 39 17 18 36 12 9 43 86 16 55 43 76 48 73 83 5 97 52 32 58 72 81 3
87 22 35 51 44 57 22 94 62 59 77 1 96 13 68 8 65 71 84 83 48 51 11 39 80 15 98 96
87 37 10 35 81 90 23 21 66 50 83 64 36 44 66 43 60 74 31 61 4 84 36 65 66 99 48 85 44
0 90 4 63 19 53 94 50 58 19 96 19 82 28 62 82 94 23 94 80 35 32 90 76 53 16 74 84 64 6
87 21 5 57 48 24 76 32 48 73 47 14 16 36 10 37 3 72 19 40 96 3 92 46 52 83 96 95 46 7 46
23 96 3 30 98 48 58 58 22 19 19 21 84 45 27 92 14 56 92 9 2 19 26 93 28 47 63 69 3 17 47 86
13 1 55 30 74 40 71 47 34 73 42 55 30 51 48 54 83 55 80 17 97 0 21 23 24 66 72 93 72 46 7 7 14
0 96 6 92 47 33 30 90 2 60 22 96 66 9 35 20 35 67 26 76 3 20 13 57 25 16 4 11 47 69 60 41 29 46
10 33 59 98 8 77 29 0 46 73 97 40 58 1 29 77 49 20 72 63 38 75 97 73 46 67 79 71 3 57 19 22 1 36 34
44 83 63 62 95 46 62 58 38 94 30 43 63 93 56 51 13 4 89 97 2 62 25 61 78 60 0 90 10 24 86 73 3 57 3 78
76 27 22 23 75 24 95 85 0 52 37 48 79 7 93 5 48 41 33 43 98 41 93 79 8 59 95 65 61 44 91 88 27 45 38 6 14
61 9 14 0 92 66 27 53 77 14 54 41 54 82 87 38 87 35 73 48 73 30 84 8 38 10 49 92 55 53 81 37 74 6 62 28 89 88
83 59 79 48 47 15 98 0 26 63 3 56 8 76 75 75 47 61 2 68 40 72 78 96 97 14 57 87 66 83 53 74 54 60 6 87 29 97 85
56 20 49 48 75 61 30 81 88 86 16 69 93 5 53 6 54 10 46 64 32 13 81 93 21 2 98 1 3 67 72 35 30 33 52 42 32 39 98 82
46 97 9 97 9 1 2 38 0 0 1 26 82 19 6 92 44 89 15 72 56 5 79 11 29 21 24 85 83 55 50 19 55 4 23 47 76 99 52 23 65
51 70 52 67 1 67 36 36 33 63 27 90 0 18 57 34 96 16 45 8 60 40 63 67 94 8 84 6 60 9 61 6 67 62 92 41 79 63 50 77 87 64
10 45 16 37 47 96 74 69 62 30 79 79 95 61 81 74 3 35 59 32 23 79 12 70 39 2 3 58 50 46 67 88 1 41 99 9 51 44 27 19 61 59 3
39 11 70 63 13 8 95 80 65 74 55 25 87 14 43 23 68 11 39 97 41 21 90 83 5 98 57 58 18 33 34 80 5 99 89 86 67 95 66 12 13 17 90 64
36 60 77 99 6 66 49 37 13 97 96 4 49 39 0 21 34 38 39 23 36 62 27 44 66 24 40 10 23 90 93 63 87 29 26 6 39 54 88 59 40 93 47 41 78
51 60 30 98 4 43 99 60 9 55 26 11 84 18 63 31 34 32 39 6 93 64 36 95 16 75 86 48 29 64 38 22 10 58 58 7 19 76 5 18 83 46 9 18 57 14
30 93 16 54 49 91 32 6 26 47 8 18 76 15 89 17 96 7 79 5 73 45 11 55 3 20 70 64 83 99 41 37 23 90 70 0 91 78 91 99 91 38 50 23 75 94 9
91 70 57 95 42 4 32 13 88 20 72 31 68 5 97 47 51 75 65 89 1 26 89 32 25 0 28 25 67 77 69 46 18 25 22 50 17 9 31 75 27 30 26 77 2 98 26 59
33 29 30 44 54 70 2 1 31 76 94 6 80 84 40 38 55 72 32 19 85 76 83 11 8 9 8 66 87 92 60 81 25 78 22 1 70 23 14 73 0 63 46 48 78 21 94 39 88
19 94 3 22 63 12 48 71 41 4 27 31 30 60 38 44 41 51 61 34 61 73 76 30 10 46 52 45 80 36 92 18 7 73 54 97 17 78 34 85 67 37 31 69 23 25 16 67 54 23
3 53 19 51 2 52 16 42 86 35 37 30 45 86 47 80 3 2 2 85 86 40 51 52 71 97 21 17 57 80 30 50 45 20 35 39 75 18 54 0 89 63 60 40 79 26 15 31 95 40 93
68 74 13 92 75 43 8 42 10 84 57 65 59 68 10 79 91 20 20 43 66 34 59 93 66 40 60 76 14 74 92 80 96 36 85 98 96 94 2 32 13 97 56 17 77 39 80 9 25 40 41 59
23 9 75 84 51 2 2 26 90 95 21 37 33 6 70 49 31 1 58 93 77 92 79 36 95 15 74 95 73 83 67 39 4 26 52 73 92 95 82 64 77 27 55 1 87 14 30 42 94 96 33 74 68
37 16 18 50 48 63 22 61 76 89 74 27 76 29 39 77 45 66 74 42 5 76 28 57 27 75 53 47 47 66 95 60 49 41 98 4 98 47 34 63 10 27 53 34 87 27 60 18 79 88 0 14 35 13
38 24 34 55 81 21 45 14 72 26 99 96 68 28 20 51 71 92 58 85 27 85 61 62 62 62 65 47 75 11 91 61 51 36 77 88 90 65 98 84 81 26 90 91 17 42 98 19 73 16 73 23 44 18 12
37 98 54 96 90 79 76 21 42 15 69 6 36 53 53 32 13 25 92 60 13 44 55 14 50 64 71 24 73 97 71 44 73 64 66 94 91 23 45 46 48 10 79 47 9 37 27 89 76 90 23 36 69 73 54 94
48 16 33 82 3 89 51 83 57 45 46 61 37 59 63 62 76 56 81 82 13 78 11 45 10 43 68 91 5 1 59 54 7 80 41 15 46 21 78 31 29 87 14 4 84 96 24 85 41 48 44 98 90 13 35 74 99
35 75 87 12 68 19 80 48 46 92 35 20 24 21 32 3 6 85 51 3 13 38 2 32 44 60 43 46 57 89 61 86 83 20 82 50 81 16 34 18 40 18 98 50 47 67 76 88 44 52 94 48 70 81 78 49 58 69
18 16 59 8 45 91 20 55 54 3 60 76 60 50 76 42 92 48 73 24 85 43 20 23 69 26 68 4 36 35 92 30 5 12 70 60 32 63 56 91 53 31 73 79 76 83 4 78 14 90 18 5 15 1 10 34 77 29 54
19 73 78 12 73 82 85 23 78 59 78 28 1 82 69 61 67 40 58 21 48 99 97 7 57 31 29 61 8 16 69 25 34 89 19 83 8 92 93 48 85 58 71 44 89 70 23 92 18 20 82 63 33 47 59 43 56 33 17 39
95 36 22 32 69 4 30 93 68 86 27 64 77 84 30 20 59 7 60 0 15 94 37 26 65 74 85 14 62 21 89 54 61 80 84 23 77 81 86 6 8 67 31 56 47 98 9 76 26 10 40 20 19 20 15 6 87 84 72 53 80
10 70 67 51 96 31 59 37 37 68 66 86 16 97 67 97 48 49 95 35 0 3 37 97 34 49 63 8 21 46 23 85 37 87 94 96 73 95 36 14 79 11 25 88 70 5 90 18 65 37 75 78 12 93 1 53 85 34 37 28 54 57
61 53 6 53 67 62 97 24 96 22 8 84 70 59 74 63 11 99 58 2 66 11 54 27 48 7 5 59 87 99 85 15 46 0 76 84 2 27 10 94 9 31 92 46 43 23 35 15 73 41 70 15 14 14 22 63 20 95 66 24 71 21 32
30 31 43 48 83 71 56 90 21 75 0 82 2 74 79 60 1 65 13 30 73 93 14 52 74 72 42 27 8 47 13 42 60 35 97 45 22 2 4 19 45 89 62 39 43 93 28 95 65 42 11 30 71 28 8 17 88 13 75 21 4 85 21 35
55 14 6 80 39 51 65 40 10 51 8 83 66 86 2 84 83 33 13 78 83 28 12 23 57 73 51 12 75 31 3 75 5 89 19 65 19 9 1 33 5 78 34 73 30 78 73 81 87 13 77 45 61 91 54 64 1 24 21 67 81 70 91 59 40
95 31 28 12 10 65 95 72 1 12 66 56 33 29 11 97 70 38 72 10 30 13 95 5 57 80 83 88 94 11 45 79 45 82 52 22 36 17 36 52 33 75 82 12 91 9 51 53 37 4 82 13 68 62 28 51 88 27 83 37 15 37 3 29 10 65
26 24 49 1 70 70 1 65 20 21 8 83 8 27 9 52 52 91 43 21 15 24 49 63 68 11 29 78 92 8 62 42 77 27 99 52 80 32 13 45 21 71 24 13 2 4 99 57 26 16 10 34 65 21 14 26 30 91 92 54 68 71 54 31 2 90 79
96 82 91 42 88 29 55 15 71 61 42 46 83 55 59 24 29 84 40 56 39 41 76 23 85 67 46 77 84 89 2 5 27 0 60 83 64 3 49 56 95 89 2 90 70 29 33 79 93 34 3 1 39 80 28 0 38 70 28 80 87 81 59 13 41 54 25 84
64 84 64 89 39 39 89 92 59 61 21 41 91 6 72 8 52 91 47 97 23 83 47 70 66 43 43 23 84 4 96 50 68 0 57 8 68 9 89 95 21 46 15 68 79 80 61 82 16 4 22 40 54 60 30 43 8 51 21 46 54 47 75 65 49 78 59 19 46
1 63 84 76 50 24 38 81 36 48 38 62 97 76 47 63 0 61 40 78 0 23 12 32 78 24 44 22 59 99 92 25 90 52 30 25 70 96 4 5 66 27 24 7 43 42 27 72 11 8 52 14 35 57 32 18 69 49 3 79 99 52 96 8 20 42 65 55 53 10
10 10 63 64 65 70 57 96 92 59 61 83 56 66 32 52 53 24 36 40 10 28 33 47 35 37 51 7 46 66 64 31 44 81 34 33 97 35 8 17 86 9 6 66 55 2 79 24 84 81 31 16 90 6 30 79 9 90 28 5 20 26 55 99 34 42 34 65 38 34 44
37 57 38 51 29 97 20 87 24 58 23 98 68 31 36 9 93 70 4 69 46 8 88 45 56 95 40 13 35 94 44 24 45 97 50 66 0 11 26 8 80 73 16 6 2 32 90 83 12 14 18 8 60 25 87 63 21 17 45 2 89 45 36 17 69 98 76 57 3 36 63 80
46 26 8 34 73 97 73 76 1 20 78 12 97 71 47 85 60 95 91 46 22 78 38 67 40 8 2 99 78 1 7 33 95 17 89 77 40 95 8 76 67 14 14 61 32 63 85 78 85 60 31 35 57 85 26 49 75 90 66 4 57 97 19 27 49 82 17 97 89 41 63 34 31
75 91 35 36 29 11 11 17 1 69 31 12 27 5 68 25 14 45 4 1 76 54 83 8 33 9 42 87 91 10 31 25 42 20 30 11 99 11 3 68 31 24 88 10 47 50 0 67 86 18 32 80 63 84 65 7 97 25 54 22 38 46 66 16 44 47 79 84 11 1 48 85 0 10
72 39 6 93 92 92 87 67 58 3 38 82 93 99 16 1 82 82 41 66 29 28 21 54 40 27 13 12 24 72 1 45 82 63 15 27 85 97 45 54 72 18 27 7 62 68 9 9 91 99 17 22 85 6 2 34 99 35 16 23 75 66 22 33 47 70 42 95 3 73 85 28 29 34 20
59 49 76 23 0 36 53 77 91 41 34 81 27 43 10 60 97 47 39 39 32 1 68 16 1 25 41 48 24 33 17 49 34 6 90 71 3 5 36 41 43 35 83 35 37 40 27 30 63 9 18 63 81 73 21 8 6 16 85 53 80 92 32 85 57 8 32 54 90 54 56 42 12 0 14 27
55 39 98 73 39 12 72 76 11 52 49 99 96 72 36 55 94 58 44 48 35 88 58 42 44 63 29 32 30 55 26 95 66 82 59 29 8 78 52 97 31 65 48 32 33 60 10 10 55 80 91 39 72 69 41 76 15 88 47 17 83 57 92 90 10 91 18 99 42 56 79 25 93 88 30 63 37
49 84 50 19 96 7 81 52 77 93 12 97 98 34 75 89 6 87 27 15 48 71 39 18 78 64 2 68 69 35 13 78 27 26 30 2 56 2 95 52 17 53 34 11 80 38 38 16 33 80 72 8 71 26 79 31 83 28 74 14 28 59 5 30 49 71 15 63 15 22 8 55 76 81 61 73 42 87
89 54 11 46 99 43 71 95 42 13 76 58 2 9 82 14 88 20 72 59 38 59 49 41 20 81 72 10 35 82 8 61 52 17 44 26 18 82 56 50 53 37 16 11 74 14 73 97 33 21 43 95 17 98 11 33 48 75 6 80 27 79 62 13 36 36 67 11 3 66 27 51 22 77 40 6 38 4 39
78 32 23 95 87 29 60 55 1 23 96 97 62 96 5 20 45 12 47 37 30 91 46 46 18 20 59 4 12 58 41 95 22 26 84 60 6 38 1 47 60 65 76 11 57 20 25 51 58 13 27 90 43 6 76 75 87 4 67 24 33 2 95 89 22 58 48 50 25 96 36 37 32 67 36 33 68 1 82 1
93 50 95 77 65 64 38 29 71 65 31 75 64 14 19 69 96 81 57 24 15 43 22 27 60 5 62 98 20 72 82 48 40 59 35 63 80 33 81 76 40 56 37 53 21 54 29 48 77 78 81 11 89 3 43 8 68 98 36 84 28 13 23 27 96 9 91 68 77 16 73 80 59 0 4 28 85 13 68 52 94
46 23 46 50 40 55 25 79 54 78 76 89 32 15 10 46 55 12 15 92 91 73 41 48 69 85 6 60 81 46 75 97 83 67 58 71 1 37 8 83 17 58 61 62 25 26 53 36 81 21 65 20 60 95 56 96 8 90 16 5 64 97 80 40 88 98 95 47 20 46 62 99 0 46 20 0 84 78 93 60 4 6
74 78 25 41 35 1 76 41 69 73 31 22 35 93 30 27 68 71 79 86 4 95 95 49 9 63 33 25 1 64 64 64 65 33 60 12 56 65 66 26 6 83 27 53 72 66 59 46 15 35 43 69 33 67 13 80 83 98 75 16 4 38 68 70 87 42 67 91 54 58 9 43 27 92 2 29 47 9 99 4 13 46 92
7 45 99 14 57 23 61 60 3 68 88 32 64 44 56 76 76 53 49 57 74 43 3 77 83 57 76 81 51 17 88 51 23 4 3 86 54 89 13 94 30 16 52 64 90 95 76 20 9 89 39 95 50 19 69 48 51 85 25 57 98 93 22 58 62 50 35 54 11 36 94 19 64 40 25 61 17 29 77 67 39 74 74 27
76 31 33 99 17 2 18 44 98 78 48 74 72 96 27 42 46 57 39 85 59 85 98 31 68 69 96 77 2 45 64 87 90 34 72 45 21 30 10 77 61 51 61 86 69 68 63 73 53 80 48 97 17 81 5 81 11 53 24 5 10 57 8 61 82 73 21 32 98 12 36 9 61 1 98 24 28 24 19 99 23 92 22 3 71
90 17 95 23 22 62 85 22 22 57 85 52 52 57 74 58 73 2 39 41 80 2 15 71 99 91 1 56 86 1 3 76 59 57 66 71 55 85 8 79 64 17 70 14 70 43 81 43 35 63 83 78 91 57 42 16 61 83 42 61 66 32 49 17 80 71 13 99 14 82 89 49 55 31 32 6 8 60 55 81 24 87 74 50 67 9
15 19 83 39 54 29 23 88 69 71 69 42 16 91 68 33 22 60 95 58 4 83 54 32 41 94 78 42 3 56 88 35 32 62 39 88 74 60 34 4 95 48 38 42 24 92 36 13 61 79 77 52 29 73 59 86 64 84 87 99 86 40 73 74 42 27 38 80 61 99 27 29 78 20 36 3 32 5 24 10 27 83 43 4 39 69 92
74 26 8 2 52 80 63 75 44 6 60 33 84 16 33 5 42 0 45 1 85 49 38 1 38 88 81 83 98 47 70 37 66 36 58 64 20 21 92 2 1 26 19 87 28 86 2 5 60 43 65 59 72 58 36 86 30 8 66 80 97 84 20 57 43 30 86 55 51 7 71 81 30 47 76 56 97 20 54 15 55 65 9 49 96 79 58 37
28 59 73 18 63 59 52 17 87 3 87 28 21 61 20 1 30 41 53 60 73 41 38 2 82 96 17 35 5 85 44 23 96 81 28 25 75 43 56 4 10 25 74 40 78 32 16 57 14 59 76 60 50 1 65 31 5 65 68 1 51 4 18 15 73 82 41 58 77 41 79 60 19 91 63 74 26 78 86 67 42 23 66 90 18 33 83 73 29
60 76 84 66 26 97 10 72 26 86 71 81 88 34 10 39 44 90 78 17 43 62 25 53 76 71 44 35 80 0 5 85 81 43 78 34 9 12 68 48 52 91 82 87 20 90 57 57 62 3 64 24 97 73 7 15 17 59 9 7 42 73 19 83 56 90 45 23 37 3 36 70 46 50 22 15 42 84 35 90 11 81 96 25 3 98 2 93 72 17
48 20 32 17 43 44 9 77 80 13 49 34 83 65 34 1 83 5 97 48 93 45 84 73 87 65 18 77 30 99 67 10 56 32 10 44 96 70 44 55 35 64 13 50 77 6 33 33 41 77 93 60 74 35 89 23 19 28 76 66 95 8 51 34 82 89 62 51 39 85 68 74 14 97 54 90 57 33 67 94 44 15 83 78 12 28 70 51 94 50 17
58 32 1 32 93 47 81 31 29 71 8 7 0 58 74 51 66 25 60 97 36 13 91 99 33 12 35 95 76 35 20 36 36 42 37 90 75 80 18 22 18 69 64 79 6 49 60 29 7 58 70 17 62 47 94 87 41 13 0 64 12 86 40 37 8 52 32 65 19 20 31 65 83 5 8 77 59 33 15 3 28 43 49 51 17 21 22 10 15 33 24 25
33 55 75 1 67 27 40 85 74 23 47 60 90 95 9 58 85 77 8 53 97 50 93 93 65 65 40 29 54 89 91 90 15 59 86 59 76 99 23 94 24 17 8 61 53 34 66 88 38 5 37 72 95 11 71 70 62 87 16 14 98 4 72 78 12 4 83 83 91 12 17 84 49 58 37 19 80 91 56 4 83 33 12 83 56 91 7 50 32 89 31 1 75
43 35 75 34 24 52 78 0 69 31 26 32 50 66 39 81 25 30 66 48 73 83 91 10 14 4 0 78 16 11 36 90 70 41 67 87 62 87 43 60 3 80 54 14 46 55 59 42 21 41 81 76 33 40 87 57 84 63 66 37 5 13 58 66 56 82 83 45 86 17 91 26 97 93 54 27 28 68 43 46 39 16 75 60 82 61 39 39 60 19 94 81 15 38
44 75 98 65 76 36 76 83 17 58 28 49 87 7 66 56 85 70 34 48 31 9 27 32 16 58 83 81 57 22 46 88 4 38 28 87 48 82 76 92 2 56 64 69 90 90 91 33 44 80 3 13 24 12 88 95 5 57 37 0 95 79 62 61 86 82 54 43 28 65 27 91 92 65 24 57 49 83 23 6 29 86 26 86 20 92 49 48 27 33 81 77 60 41 87
87 61 39 75 50 32 22 12 26 82 32 9 92 97 83 95 55 14 60 58 55 81 84 2 57 13 8 64 95 92 69 49 52 65 61 79 87 27 73 70 83 9 98 31 62 98 62 33 80 15 12 52 62 33 55 7 72 67 56 97 11 99 76 21 66 22 93 32 39 91 2 51 4 4 25 66 53 88 28 87 69 23 32 96 64 70 26 5 48 26 65 70 4 41 49 81
55 2 90 76 37 59 96 66 68 68 95 9 82 18 96 63 7 70 23 13 31 45 65 3 33 69 45 77 43 98 42 39 69 50 92 83 90 62 24 80 39 27 87 0 79 94 60 67 92 12 25 88 39 46 67 0 6 89 26 22 4 81 48 34 94 44 72 19 46 38 14 55 0 96 38 57 80 66 6 34 49 55 59 1 99 93 46 42 81 29 83 6 57 76 27 30 45
3 60 50 12 93 54 93 81 96 19 22 36 32 70 29 10 80 16 47 28 74 24 57 9 57 33 25 13 85 11 92 49 88 50 20 56 0 3 16 93 38 62 11 72 70 6 34 67 53 88 55 37 64 46 39 38 2 82 99 82 34 80 22 28 14 42 78 15 56 47 2 40 63 39 98 35 98 0 3 61 85 8 81 51 29 11 93 8 19 52 79 37 5 45 66 1 69 3
56 17 71 68 58 98 46 43 29 94 2 66 2 34 77 55 80 17 51 5 92 51 73 23 22 49 23 19 19 92 38 68 10 81 62 83 97 19 59 28 84 52 59 5 69 83 48 17 29 32 0 46 87 59 95 21 47 18 48 34 65 73 17 80 11 35 77 79 57 95 43 97 12 78 9 76 63 61 31 62 31 3 18 7 74 8 22 8 7 37 52 1 20 43 48 80 48 33 87
54 19 62 89 35 21 72 28 70 76 74 28 27 84 47 14 84 37 82 36 95 46 94 43 14 44 4 57 54 81 12 46 82 72 96 38 76 83 97 8 26 85 95 42 47 58 4 13 85 24 21 64 18 19 4 49 51 17 7 80 21 49 58 73 24 11 61 77 83 89 81 24 41 76 17 6 14 13 45 9 81 3 57 51 74 43 84 85 13 84 72 56 53 89 83 91 44 8 57 62